      index (#),      time (sec),     voltage (V), petit voltage (mV)
+0.00000000e+00, +6.91413879e-06, +0.00000000e+00, +0.00000000e+00
+1.00000000e+02, +1.00034094e+00, -2.95311540e-02, +1.33393328e-02
+2.00000000e+02, +2.00395012e+00, -7.65835760e-02, -2.63981688e-03
+3.00000000e+02, +3.00943208e+00, -6.36541175e-02, -2.55742891e-02
+4.00000000e+02, +4.01475191e+00, -5.24106233e-02, +1.06296598e-04
+5.00000000e+02, +5.01563597e+00, -3.42877080e-02, +2.23793274e-02
+6.00000000e+02, +6.01601195e+00, -4.97242950e-02, +5.80665480e-02
+7.00000000e+02, +7.01962185e+00, -3.33102494e-02, +2.42054782e-02
+8.00000000e+02, +8.02231908e+00, -5.26300343e-02, -2.69055894e-03
+9.00000000e+02, +9.02563286e+00, -2.53774628e-02, +3.34178975e-02
+1.00000000e+03, +1.00298500e+01, -7.41027651e-02, +7.91521049e-02
+1.10000000e+03, +1.10349979e+01, -1.17184212e-01, +5.31377613e-02
+1.20000000e+03, +1.20397561e+01, -1.55137628e-01, +7.36519169e-02
+1.30000000e+03, +1.30445669e+01, -2.01418774e-01, +1.09012857e-01
+1.40000000e+03, +1.40493910e+01, -1.55893301e-01, +1.26236432e-01
+1.50000000e+03, +1.50542541e+01, -1.38684688e-01, +8.19845270e-02
+1.60000000e+03, +1.60588930e+01, -1.58939796e-01, +1.24572974e-01
+1.70000000e+03, +1.70636878e+01, -1.30123337e-01, +9.61943581e-02
+1.80000000e+03, +1.80683939e+01, -1.09224872e-01, +6.22044654e-02
+1.90000000e+03, +1.90732150e+01, -1.19993435e-01, +8.75689359e-02
+2.00000000e+03, +2.00768960e+01, -9.50803910e-02, +1.06054472e-01
+2.10000000e+03, +2.10801568e+01, -1.01765114e-01, +1.18567180e-01
+2.20000000e+03, +2.20849459e+01, -7.06128486e-02, +9.00559368e-02
+2.30000000e+03, +2.30897620e+01, -9.68005366e-02, +9.33936383e-02
+2.40000000e+03, +2.40945971e+01, -1.03645035e-01, +7.26228379e-02
+2.50000000e+03, +2.50993950e+01, -1.44475792e-01, +6.04350002e-02
+2.60000000e+03, +2.61042809e+01, -1.36675597e-01, +2.99754801e-02
+2.70000000e+03, +2.71091390e+01, -1.13458162e-01, +1.19270669e-02
+2.80000000e+03, +2.81138461e+01, -1.42781431e-01, +4.19607031e-02
+2.90000000e+03, +2.91186090e+01, -9.52479501e-02, +4.67242531e-02
+3.00000000e+03, +3.01235049e+01, -1.44723324e-01, +9.33981128e-02
+3.10000000e+03, +3.11288571e+01, -1.16895156e-01, +9.86070267e-02
+3.20000000e+03, +3.21335380e+01, -1.24456216e-01, +1.36638063e-01
+3.30000000e+03, +3.31383758e+01, -1.53856954e-01, +1.64592877e-01
+3.40000000e+03, +3.41422400e+01, -1.25421244e-01, +1.91655814e-01
+3.50000000e+03, +3.51465499e+01, -1.64809891e-01, +2.21257703e-01
+3.60000000e+03, +3.61504879e+01, -1.86201724e-01, +1.93608650e-01
+3.70000000e+03, +3.71554639e+01, -2.19362740e-01, +1.65810578e-01
+3.80000000e+03, +3.81594517e+01, -2.54735747e-01, +1.69893577e-01
+3.90000000e+03, +3.91642480e+01, -2.18805373e-01, +2.05051037e-01
+4.00000000e+03, +4.01691339e+01, -2.48463990e-01, +2.32072206e-01
+4.10000000e+03, +4.11729379e+01, -2.42693396e-01, +1.86371416e-01
+4.20000000e+03, +4.21772580e+01, -1.98857304e-01, +1.40327568e-01
+4.30000000e+03, +4.31807978e+01, -1.96466694e-01, +1.32007774e-01
+4.40000000e+03, +4.41856270e+01, -2.15000041e-01, +1.42420552e-01
+4.50000000e+03, +4.51907489e+01, -2.04374305e-01, +1.46062040e-01
+4.60000000e+03, +4.61957209e+01, -1.63967084e-01, +1.32894346e-01
+4.70000000e+03, +4.72007799e+01, -1.51895930e-01, +1.54362762e-01
+4.80000000e+03, +4.82056220e+01, -1.67320361e-01, +1.75604803e-01
+4.90000000e+03, +4.92108731e+01, -1.53691765e-01, +1.92138441e-01
+5.00000000e+03, +5.02158358e+01, -1.10737629e-01, +1.56671124e-01
+5.10000000e+03, +5.12208738e+01, -1.59679127e-01, +1.22975045e-01
+5.20000000e+03, +5.22247589e+01, -1.57978565e-01, +1.63129998e-01
+5.30000000e+03, +5.32286100e+01, -1.37864733e-01, +1.88854061e-01
+5.40000000e+03, +5.42333391e+01, -1.53476872e-01, +2.27359748e-01
+5.50000000e+03, +5.52380929e+01, -1.11590794e-01, +2.56386952e-01
+5.60000000e+03, +5.62425961e+01, -1.48910045e-01, +2.65191009e-01
+5.70000000e+03, +5.72479589e+01, -1.74979552e-01, +3.01819458e-01
+5.80000000e+03, +5.82524028e+01, -1.28902218e-01, +3.27535202e-01
+5.90000000e+03, +5.92571750e+01, -1.40023512e-01, +2.88587148e-01
+6.00000000e+03, +6.02613139e+01, -9.88856284e-02, +3.21198049e-01
+6.10000000e+03, +6.12631748e+01, -1.18728071e-01, +3.17812763e-01
+6.20000000e+03, +6.22681100e+01, -1.10003392e-01, +3.28856828e-01
+6.30000000e+03, +6.32730370e+01, -8.63816943e-02, +3.58092448e-01
+6.40000000e+03, +6.42769599e+01, -6.01845538e-02, +3.67230498e-01
+6.50000000e+03, +6.52807889e+01, -6.36359821e-02, +3.17724410e-01
+6.60000000e+03, +6.62860868e+01, -7.91295999e-02, +3.02755187e-01
+6.70000000e+03, +6.72909601e+01, -1.03111558e-01, +2.81556446e-01
+6.80000000e+03, +6.82959170e+01, -1.20656100e-01, +3.10709892e-01
+6.90000000e+03, +6.93009880e+01, -1.55636808e-01, +3.34851335e-01
+7.00000000e+03, +7.03045099e+01, -1.32977243e-01, +3.34224900e-01
+7.10000000e+03, +7.13093748e+01, -9.46010864e-02, +2.94629925e-01
+7.20000000e+03, +7.23144150e+01, -1.11090473e-01, +2.83993403e-01
+7.30000000e+03, +7.33197539e+01, -7.14775389e-02, +3.28120879e-01
+7.40000000e+03, +7.43216279e+01, -1.10840927e-01, +3.56496161e-01
+7.50000000e+03, +7.53224161e+01, -1.43721286e-01, +3.65365877e-01
+7.60000000e+03, +7.63228779e+01, -1.67749398e-01, +4.08330256e-01
+7.70000000e+03, +7.73245759e+01, -1.48646514e-01, +3.83937693e-01
+7.80000000e+03, +7.83286970e+01, -1.67324856e-01, +4.31231002e-01
+7.90000000e+03, +7.93310971e+01, -1.74856170e-01, +4.54563513e-01
+8.00000000e+03, +8.03316810e+01, -2.09402233e-01, +4.99152733e-01
+8.10000000e+03, +8.13322082e+01, -2.17985821e-01, +4.60263950e-01
+8.20000000e+03, +8.23347671e+01, -2.10798792e-01, +5.07373365e-01
+8.30000000e+03, +8.33395891e+01, -2.41516324e-01, +4.63320051e-01
+8.40000000e+03, +8.43453507e+01, -2.54438592e-01, +5.07955648e-01
+8.50000000e+03, +8.53507130e+01, -2.06227103e-01, +5.25148135e-01
+8.60000000e+03, +8.63521221e+01, -1.77538000e-01, +5.47697299e-01
+8.70000000e+03, +8.73559978e+01, -1.77066530e-01, +5.15618756e-01
+8.80000000e+03, +8.83584838e+01, -1.69883226e-01, +5.48632017e-01
+8.90000000e+03, +8.93598540e+01, -1.83171957e-01, +5.67373375e-01
+9.00000000e+03, +9.03612750e+01, -1.99816370e-01, +5.89377157e-01
+9.10000000e+03, +9.13630369e+01, -1.89368550e-01, +6.02592041e-01
+9.20000000e+03, +9.23649750e+01, -1.57930905e-01, +6.34671445e-01
+9.30000000e+03, +9.33657479e+01, -2.01091789e-01, +6.60368234e-01
+9.40000000e+03, +9.43706889e+01, -2.49448859e-01, +6.81681710e-01
+9.50000000e+03, +9.53712728e+01, -2.21620099e-01, +6.83315609e-01
+9.60000000e+03, +9.63732140e+01, -2.06440951e-01, +6.76857865e-01
+9.70000000e+03, +9.73772700e+01, -1.68166918e-01, +6.97435666e-01
+9.80000000e+03, +9.83788970e+01, -1.27407365e-01, +6.72426049e-01
+9.90000000e+03, +9.93823538e+01, -9.00909749e-02, +6.49162328e-01
