Mon Aug 20 14:24:13 2018
[Header]
Column  0 : index               	#
Column  1 : time                	sec
Column  2 : voltage             	V
Column  3 : petit voltage       	mV
[Header end]

+0.00000000e+00, +3.81469727e-06, +0.00000000e+00, +0.00000000e+00
+1.00000000e+02, +6.65188789e-01, -2.90056975e-02, +3.56418079e-02
+2.00000000e+02, +1.32777190e+00, -4.41295685e-02, +4.22726439e-02
+3.00000000e+02, +1.98805189e+00, -3.44960087e-02, +1.21855488e-02
+4.00000000e+02, +2.64905810e+00, +8.03875844e-03, -3.64847870e-02
+5.00000000e+02, +3.31093788e+00, -1.39043076e-02, -7.59029322e-02
+6.00000000e+02, +3.97380400e+00, +1.06900273e-02, -7.41949650e-02
+7.00000000e+02, +4.63527203e+00, +5.95307879e-02, -2.73568956e-02
+8.00000000e+02, +5.29737401e+00, +8.65226580e-02, +2.12457925e-02
+9.00000000e+02, +5.96017408e+00, +6.75938249e-02, +4.33095901e-02
+1.00000000e+03, +6.62057090e+00, +8.26343385e-02, +7.77315721e-02
+1.10000000e+03, +7.28379607e+00, +1.23888829e-01, +3.51361196e-02
+1.20000000e+03, +7.94457388e+00, +8.30642231e-02, +5.35009498e-02
+1.30000000e+03, +8.60533500e+00, +8.26768836e-02, +4.18278511e-02
+1.40000000e+03, +9.26905179e+00, +8.24524135e-02, +8.30928957e-02
+1.50000000e+03, +9.93005395e+00, +1.04579321e-01, +4.60893383e-02
+1.60000000e+03, +1.05923998e+01, +1.01957700e-01, +8.57246048e-02
+1.70000000e+03, +1.12536881e+01, +1.51630242e-01, +7.82129598e-02
+1.80000000e+03, +1.19145601e+01, +1.77890228e-01, +1.25078803e-01
+1.90000000e+03, +1.25777600e+01, +1.83482938e-01, +1.54488172e-01
+2.00000000e+03, +1.32388620e+01, +1.36015779e-01, +1.91059631e-01
+2.10000000e+03, +1.39017630e+01, +1.55687719e-01, +2.15859183e-01
+2.20000000e+03, +1.45631208e+01, +1.60990633e-01, +1.90097632e-01
+2.30000000e+03, +1.52243741e+01, +1.42644312e-01, +1.76695088e-01
+2.40000000e+03, +1.58857160e+01, +1.32631400e-01, +1.68604962e-01
+2.50000000e+03, +1.65468340e+01, +1.80806342e-01, +1.42150234e-01
+2.60000000e+03, +1.72113869e+01, +2.07904365e-01, +1.83768924e-01
+2.70000000e+03, +1.78727050e+01, +2.32280729e-01, +2.01439724e-01
+2.80000000e+03, +1.85350931e+01, +2.23743768e-01, +2.41764221e-01
+2.90000000e+03, +1.91964800e+01, +1.95442651e-01, +2.82641639e-01
+3.00000000e+03, +1.98577390e+01, +1.71395344e-01, +2.46578953e-01
+3.10000000e+03, +2.05221589e+01, +1.93274233e-01, +2.41499141e-01
+3.20000000e+03, +2.11873338e+01, +1.59180411e-01, +2.65470671e-01
+3.30000000e+03, +2.18568599e+01, +1.80385732e-01, +2.48474982e-01
+3.40000000e+03, +2.25215139e+01, +1.59005456e-01, +2.55219223e-01
+3.50000000e+03, +2.31831419e+01, +1.55873287e-01, +2.39570806e-01
+3.60000000e+03, +2.38455820e+01, +1.86969543e-01, +2.35228471e-01
+3.70000000e+03, +2.45068941e+01, +1.76541590e-01, +1.86092282e-01
+3.80000000e+03, +2.51685698e+01, +1.94500042e-01, +1.39662155e-01
+3.90000000e+03, +2.58293068e+01, +1.61593090e-01, +1.48674965e-01
+4.00000000e+03, +2.64919229e+01, +1.31905391e-01, +1.80929397e-01
+4.10000000e+03, +2.71569469e+01, +1.09871195e-01, +1.64334189e-01
+4.20000000e+03, +2.78199050e+01, +1.53458550e-01, +2.02335760e-01
+4.30000000e+03, +2.84815230e+01, +1.62578811e-01, +1.73759784e-01
+4.40000000e+03, +2.91425090e+01, +1.47903624e-01, +1.98680651e-01
+4.50000000e+03, +2.98044040e+01, +1.35562897e-01, +2.32712324e-01
+4.60000000e+03, +3.04705100e+01, +1.48581323e-01, +2.78566614e-01
+4.70000000e+03, +3.11318331e+01, +1.66648752e-01, +2.79047627e-01
+4.80000000e+03, +3.17975738e+01, +1.74695138e-01, +2.76366250e-01
+4.90000000e+03, +3.24630239e+01, +1.47332146e-01, +3.10537951e-01
+5.00000000e+03, +3.31255879e+01, +1.32953266e-01, +2.96387862e-01
+5.10000000e+03, +3.37864640e+01, +1.68780795e-01, +2.46768908e-01
+5.20000000e+03, +3.44516690e+01, +1.32290966e-01, +2.38998401e-01
+5.30000000e+03, +3.51122818e+01, +1.50019622e-01, +1.99968022e-01
+5.40000000e+03, +3.57769191e+01, +1.77356786e-01, +1.69371140e-01
+5.50000000e+03, +3.64423990e+01, +1.47207177e-01, +1.55902231e-01
+5.60000000e+03, +3.71051040e+01, +1.45051931e-01, +1.16965977e-01
+5.70000000e+03, +3.77674370e+01, +1.77625874e-01, +1.07389787e-01
+5.80000000e+03, +3.84281869e+01, +2.08550843e-01, +1.17206828e-01
+5.90000000e+03, +3.90914812e+01, +1.82166431e-01, +1.56408158e-01
+6.00000000e+03, +3.97550659e+01, +2.24769735e-01, +1.84382079e-01
+6.10000000e+03, +4.04191198e+01, +1.92785098e-01, +2.23834007e-01
+6.20000000e+03, +4.10828130e+01, +1.99634855e-01, +2.71398011e-01
+6.30000000e+03, +4.17441459e+01, +1.82695827e-01, +2.49641458e-01
+6.40000000e+03, +4.24073219e+01, +2.21777679e-01, +2.75267362e-01
+6.50000000e+03, +4.30722921e+01, +2.49925286e-01, +2.79746040e-01
+6.60000000e+03, +4.37356789e+01, +2.59945837e-01, +2.87435413e-01
+6.70000000e+03, +4.44006028e+01, +2.37298034e-01, +3.06963356e-01
+6.80000000e+03, +4.50645010e+01, +2.55372417e-01, +2.80936605e-01
+6.90000000e+03, +4.57256999e+01, +2.29889510e-01, +2.47337150e-01
+7.00000000e+03, +4.63865149e+01, +2.71538087e-01, +2.51519715e-01
+7.10000000e+03, +4.70520749e+01, +2.54706900e-01, +2.05865510e-01
+7.20000000e+03, +4.77173960e+01, +2.67975583e-01, +1.93618508e-01
