Fri Jul  5 10:57:01 2019
[Header]
Column  0 : index               	#
Column  1 : time                	sec
Column  2 : voltage             	V
Column  3 : petit voltage       	mV
[Header end]

+0.00000000e+00,+2.86102295e-06,+0.00000000e+00,+0.00000000e+00
+1.00000000e+02,+6.63397074e-01,+4.70166528e-03,+1.53504391e-03
+2.00000000e+02,+1.32380414e+00,-2.32649835e-02,-8.87992881e-03
+3.00000000e+02,+1.98891783e+00,-6.13204362e-02,+2.88232177e-02
+4.00000000e+02,+2.65169406e+00,-2.77877408e-02,+3.66179876e-02
+5.00000000e+02,+3.31524587e+00,-7.19314385e-02,+2.55094254e-02
+6.00000000e+02,+3.97683907e+00,-5.78901329e-02,+6.48934611e-02
+7.00000000e+02,+4.63873601e+00,-9.74701012e-02,+1.04024647e-01
+8.00000000e+02,+5.30183005e+00,-5.93332682e-02,+9.03445453e-02
+9.00000000e+02,+5.96682692e+00,-6.96413029e-02,+4.83975126e-02
+1.00000000e+03,+6.63084793e+00,-2.67077185e-02,+9.51464190e-02
+1.10000000e+03,+7.29191995e+00,-5.37252115e-02,+5.25101112e-02
+1.20000000e+03,+7.95314693e+00,-4.75636100e-02,+5.90653098e-02
+1.30000000e+03,+8.61592007e+00,-5.67978874e-02,+7.92378874e-02
+1.40000000e+03,+9.28091192e+00,-1.98917335e-02,+1.28079570e-01
+1.50000000e+03,+9.94185805e+00,-6.81275553e-02,+1.08419064e-01
+1.60000000e+03,+1.06025670e+01,-2.56609216e-02,+1.36478837e-01
+1.70000000e+03,+1.12640181e+01,-7.13714330e-03,+1.74933049e-01
+1.80000000e+03,+1.19272790e+01,+1.51233065e-02,+1.51956526e-01
+1.90000000e+03,+1.25919330e+01,+5.14266181e-02,+1.06821511e-01
+2.00000000e+03,+1.32573779e+01,+7.37735872e-02,+1.38492397e-01
+2.10000000e+03,+1.39221449e+01,+6.10044330e-02,+8.92385239e-02
+2.20000000e+03,+1.45870299e+01,+1.87819702e-02,+1.34623361e-01
+2.30000000e+03,+1.52522018e+01,+3.38251014e-03,+9.60174101e-02
+2.40000000e+03,+1.59138510e+01,-2.29197930e-02,+1.29267450e-01
+2.50000000e+03,+1.65788379e+01,-5.29919424e-02,+1.57382475e-01
+2.60000000e+03,+1.72442701e+01,-1.00165326e-01,+1.12447865e-01
+2.70000000e+03,+1.79059381e+01,-1.26937840e-01,+1.61035271e-01
+2.80000000e+03,+1.85695779e+01,-9.62112124e-02,+1.53516994e-01
+2.90000000e+03,+1.92321479e+01,-6.75751458e-02,+1.26896547e-01
+3.00000000e+03,+1.98931630e+01,-3.39741015e-02,+9.30833196e-02
+3.10000000e+03,+2.05585749e+01,-2.19304387e-02,+1.26891257e-01
+3.20000000e+03,+2.12223148e+01,-1.57276702e-02,+1.00520605e-01
+3.30000000e+03,+2.18876851e+01,+1.98632238e-02,+1.19343701e-01
+3.40000000e+03,+2.25522439e+01,-1.07764748e-02,+1.41490258e-01
+3.50000000e+03,+2.32155597e+01,+3.22459829e-02,+1.54486081e-01
+3.60000000e+03,+2.38792739e+01,+7.31858920e-02,+1.28604160e-01
+3.70000000e+03,+2.45423851e+01,+2.38493342e-02,+1.47297715e-01
+3.80000000e+03,+2.52032738e+01,+6.20823948e-02,+1.21167661e-01
+3.90000000e+03,+2.58649068e+01,+7.21846417e-02,+1.70546079e-01
+4.00000000e+03,+2.65301931e+01,+2.52902214e-02,+1.87153007e-01
+4.10000000e+03,+2.71933630e+01,+6.70151660e-02,+2.00004591e-01
+4.20000000e+03,+2.78538139e+01,+4.31176520e-02,+2.48982859e-01
+4.30000000e+03,+2.85146291e+01,+1.82761626e-02,+2.95427692e-01
+4.40000000e+03,+2.91798949e+01,-6.07418449e-03,+2.65118729e-01
+4.50000000e+03,+2.98425269e+01,+1.05434969e-02,+2.57612001e-01
+4.60000000e+03,+3.05079951e+01,-5.56878636e-03,+2.11322178e-01
+4.70000000e+03,+3.11724370e+01,+9.19102390e-03,+1.79518421e-01
+4.80000000e+03,+3.18359580e+01,-3.83669329e-02,+1.76710453e-01
+4.90000000e+03,+3.24986920e+01,-5.20547286e-02,+1.33783067e-01
+5.00000000e+03,+3.31591148e+01,-9.07675748e-02,+1.09611835e-01
+5.10000000e+03,+3.38224440e+01,-1.01845605e-01,+1.34234714e-01
+5.20000000e+03,+3.44836919e+01,-1.26201505e-01,+1.05854394e-01
+5.30000000e+03,+3.51477549e+01,-1.54841913e-01,+7.91581108e-02
+5.40000000e+03,+3.58123748e+01,-1.61755500e-01,+7.85232676e-02
+5.50000000e+03,+3.64755051e+01,-1.98926586e-01,+8.33885819e-02
+5.60000000e+03,+3.71408141e+01,-1.69644058e-01,+9.26693361e-02
+5.70000000e+03,+3.78025770e+01,-1.44125614e-01,+1.26091704e-01
+5.80000000e+03,+3.84678068e+01,-1.21656182e-01,+1.17295773e-01
+5.90000000e+03,+3.91313610e+01,-1.02354607e-01,+1.32903410e-01
+6.00000000e+03,+3.97963700e+01,-7.31799368e-02,+1.71709975e-01
+6.10000000e+03,+4.04610310e+01,-4.07511628e-02,+1.86511273e-01
+6.20000000e+03,+4.11226740e+01,-4.50397308e-02,+1.59782531e-01
+6.30000000e+03,+4.17831869e+01,-3.13230186e-02,+1.87405572e-01
+6.40000000e+03,+4.24484441e+01,-7.71567045e-02,+1.66010714e-01
+6.50000000e+03,+4.31124511e+01,-1.20356573e-01,+1.37288934e-01
+6.60000000e+03,+4.37760439e+01,-1.13834506e-01,+1.43891941e-01
+6.70000000e+03,+4.44385190e+01,-1.63138873e-01,+1.46681980e-01
+6.80000000e+03,+4.51026759e+01,-1.26951064e-01,+1.89458512e-01
+6.90000000e+03,+4.57645569e+01,-1.43930623e-01,+1.91789071e-01
+7.00000000e+03,+4.64277837e+01,-1.29751461e-01,+2.13808632e-01
+7.10000000e+03,+4.70928879e+01,-1.16221096e-01,+2.23630446e-01
+7.20000000e+03,+4.77560239e+01,-1.27419953e-01,+2.66776719e-01
+7.30000000e+03,+4.84185760e+01,-1.52766238e-01,+3.02083547e-01
+7.40000000e+03,+4.90827570e+01,-1.84627921e-01,+2.64904149e-01
+7.50000000e+03,+4.97430298e+01,-2.04174528e-01,+2.96316738e-01
+7.60000000e+03,+5.04070959e+01,-2.36356876e-01,+2.48758840e-01
+7.70000000e+03,+5.10694189e+01,-2.80380240e-01,+2.96535478e-01
+7.80000000e+03,+5.17329042e+01,-2.75918126e-01,+3.37856322e-01
+7.90000000e+03,+5.23955100e+01,-2.95685402e-01,+3.09932059e-01
+8.00000000e+03,+5.30562580e+01,-3.02839635e-01,+3.34537838e-01
+8.10000000e+03,+5.37202649e+01,-2.92288233e-01,+3.69590721e-01
+8.20000000e+03,+5.43828888e+01,-2.90186638e-01,+3.71245234e-01
+8.30000000e+03,+5.50433359e+01,-2.87816182e-01,+3.55252314e-01
+8.40000000e+03,+5.57046781e+01,-2.65665086e-01,+3.05260481e-01
+8.50000000e+03,+5.63695199e+01,-2.87779267e-01,+3.02019656e-01
+8.60000000e+03,+5.70319989e+01,-2.59079492e-01,+3.02860949e-01
+8.70000000e+03,+5.76931171e+01,-2.75930611e-01,+2.86666573e-01
+8.80000000e+03,+5.83541839e+01,-2.69444717e-01,+3.08723866e-01
+8.90000000e+03,+5.90178709e+01,-2.70708733e-01,+2.79813534e-01
+9.00000000e+03,+5.96829240e+01,-2.68277395e-01,+2.71504854e-01
+9.10000000e+03,+6.03443880e+01,-2.94811786e-01,+2.83322624e-01
+9.20000000e+03,+6.10060940e+01,-3.31154575e-01,+2.91287058e-01
+9.30000000e+03,+6.16665030e+01,-3.38562084e-01,+2.76342129e-01
+9.40000000e+03,+6.23318031e+01,-3.12025529e-01,+2.74599062e-01
+9.50000000e+03,+6.29923179e+01,-3.27215126e-01,+2.96081319e-01
+9.60000000e+03,+6.36537158e+01,-2.85881247e-01,+3.18710176e-01
+9.70000000e+03,+6.43162630e+01,-2.53975827e-01,+3.02071902e-01
+9.80000000e+03,+6.49816041e+01,-2.72381050e-01,+2.68454495e-01
+9.90000000e+03,+6.56433578e+01,-2.84363654e-01,+2.93998988e-01
