Tue Feb 13 11:23:33 2018
[Header]
Column  0 : index               	#
Column  1 : time                	sec
Column  2 : voltage             	V
Column  3 : petit voltage       	Oe
[Header end]

+0.00000000e+00, +3.81469727e-06, +0.00000000e+00, +0.00000000e+00
+1.00000000e+02, +6.64287090e-01, +4.61071655e-02, -3.18332325e-02
+2.00000000e+02, +1.32949090e+00, +5.84597406e-02, +5.92976515e-04
+3.00000000e+02, +1.99384093e+00, +9.02584287e-02, -1.01406509e-03
+4.00000000e+02, +2.65805387e+00, +4.94350791e-02, +9.11287184e-03
+5.00000000e+02, +3.32306790e+00, +8.86074636e-02, +8.50397667e-03
+6.00000000e+02, +3.98398280e+00, +9.06608847e-02, -3.38278547e-02
+7.00000000e+02, +4.64890409e+00, +7.20403750e-02, -8.02951085e-02
+8.00000000e+02, +5.31380796e+00, +4.63137009e-02, -1.00202585e-01
+9.00000000e+02, +5.97522116e+00, +7.52896869e-02, -6.38206747e-02
+1.00000000e+03, +6.64035988e+00, +1.00991646e-01, -6.35102536e-02
+1.10000000e+03, +7.30092692e+00, +8.75153678e-02, -6.42672545e-02
+1.20000000e+03, +7.96340799e+00, +9.04002403e-02, -3.78382248e-02
+1.30000000e+03, +8.62384200e+00, +1.21887191e-01, -4.42295275e-02
+1.40000000e+03, +9.28481889e+00, +1.30577133e-01, -1.04185017e-02
+1.50000000e+03, +9.94509125e+00, +1.64515256e-01, +3.01045900e-02
+1.60000000e+03, +1.06109221e+01, +1.37693152e-01, +8.63967540e-03
+1.70000000e+03, +1.12754970e+01, +1.83003670e-01, +3.70100388e-02
+1.80000000e+03, +1.19385581e+01, +1.85467072e-01, +6.16831156e-02
+1.90000000e+03, +1.26000011e+01, +1.57166056e-01, +3.71617380e-02
+2.00000000e+03, +1.32634420e+01, +1.23826611e-01, +4.71618670e-02
+2.10000000e+03, +1.39241660e+01, +7.45719769e-02, +3.85938516e-02
+2.20000000e+03, +1.45844340e+01, +1.12825724e-01, +5.35114602e-02
+2.30000000e+03, +1.52489800e+01, +8.02612975e-02, +6.36775100e-03
+2.40000000e+03, +1.59118640e+01, +6.71401931e-02, +2.48917213e-02
+2.50000000e+03, +1.65730641e+01, +1.03655545e-01, +3.57477740e-02
+2.60000000e+03, +1.72359130e+01, +1.50796544e-01, +5.57248644e-02
+2.70000000e+03, +1.79012771e+01, +1.33918433e-01, +1.68286883e-02
+2.80000000e+03, +1.85666819e+01, +8.65405812e-02, +6.33498093e-02
+2.90000000e+03, +1.92299950e+01, +7.55133226e-02, +6.31520827e-02
+3.00000000e+03, +1.98946681e+01, +3.64338777e-02, +2.34394075e-02
+3.10000000e+03, +2.05562320e+01, +6.36706021e-02, +3.28614947e-02
+3.20000000e+03, +2.12216179e+01, +5.43013439e-02, +3.50976366e-03
+3.30000000e+03, +2.18870223e+01, +9.20299972e-02, +4.26089921e-02
+3.40000000e+03, +2.25504951e+01, +1.29825178e-01, +7.84442657e-02
+3.50000000e+03, +2.32158129e+01, +1.48860349e-01, +1.24053023e-01
+3.60000000e+03, +2.38803742e+01, +1.82202148e-01, +1.59077400e-01
+3.70000000e+03, +2.45417769e+01, +1.51338845e-01, +2.03272205e-01
+3.80000000e+03, +2.52047219e+01, +1.80367547e-01, +2.11052294e-01
+3.90000000e+03, +2.58680379e+01, +2.15540927e-01, +2.28493306e-01
+4.00000000e+03, +2.65308769e+01, +2.34109432e-01, +2.16376870e-01
+4.10000000e+03, +2.71926601e+01, +2.67043823e-01, +1.73336554e-01
+4.20000000e+03, +2.78529968e+01, +2.24178871e-01, +2.03575915e-01
+4.30000000e+03, +2.85180302e+01, +2.41090080e-01, +2.34096193e-01
+4.40000000e+03, +2.91835558e+01, +2.39801534e-01, +2.57359869e-01
+4.50000000e+03, +2.98482809e+01, +2.00899512e-01, +2.75828297e-01
+4.60000000e+03, +3.05086300e+01, +1.84986047e-01, +2.86527135e-01
+4.70000000e+03, +3.11741920e+01, +1.35037222e-01, +3.02043947e-01
+4.80000000e+03, +3.18361621e+01, +1.20971043e-01, +3.34928716e-01
+4.90000000e+03, +3.25015759e+01, +1.67361315e-01, +3.73526646e-01
+5.00000000e+03, +3.31630890e+01, +1.77176016e-01, +3.77030876e-01
+5.10000000e+03, +3.38262229e+01, +1.36793947e-01, +3.90296305e-01
+5.20000000e+03, +3.44880221e+01, +1.03509974e-01, +4.33197387e-01
+5.30000000e+03, +3.51533871e+01, +7.62360457e-02, +4.66289785e-01
+5.40000000e+03, +3.58188281e+01, +1.08022020e-01, +4.50368048e-01
+5.50000000e+03, +3.64834702e+01, +9.83271133e-02, +4.96689610e-01
+5.60000000e+03, +3.71480541e+01, +1.12318582e-01, +4.69495892e-01
+5.70000000e+03, +3.78083069e+01, +1.24838590e-01, +5.18182020e-01
+5.80000000e+03, +3.84741971e+01, +1.66142845e-01, +5.19846663e-01
+5.90000000e+03, +3.91362271e+01, +1.59985844e-01, +5.14774298e-01
+6.00000000e+03, +3.97999260e+01, +1.77507596e-01, +4.70647170e-01
+6.10000000e+03, +4.04648311e+01, +2.13267402e-01, +4.70609427e-01
+6.20000000e+03, +4.11264462e+01, +1.72948621e-01, +4.72210866e-01
+6.30000000e+03, +4.17884541e+01, +1.29430917e-01, +4.62038292e-01
+6.40000000e+03, +4.24489970e+01, +1.17034276e-01, +4.62330333e-01
+6.50000000e+03, +4.31126249e+01, +1.01418044e-01, +5.09838141e-01
+6.60000000e+03, +4.37743480e+01, +1.19983659e-01, +4.81202639e-01
+6.70000000e+03, +4.44356270e+01, +1.69587807e-01, +5.19671361e-01
+6.80000000e+03, +4.50983901e+01, +1.96034332e-01, +4.95158890e-01
+6.90000000e+03, +4.57588701e+01, +2.00722814e-01, +4.97893555e-01
+7.00000000e+03, +4.64204471e+01, +1.55415640e-01, +4.68124110e-01
+7.10000000e+03, +4.70824831e+01, +1.32641394e-01, +5.17420374e-01
+7.20000000e+03, +4.77441161e+01, +1.79466079e-01, +5.26305593e-01
+7.30000000e+03, +4.84064021e+01, +1.61127963e-01, +4.93843919e-01
+7.40000000e+03, +4.90683990e+01, +1.46114055e-01, +5.22202039e-01
+7.50000000e+03, +4.97338068e+01, +1.80772208e-01, +5.50412882e-01
+7.60000000e+03, +5.03973498e+01, +1.37461830e-01, +5.54694125e-01
+7.70000000e+03, +5.10614119e+01, +1.32309467e-01, +5.77982208e-01
+7.80000000e+03, +5.17259531e+01, +1.77523757e-01, +6.11938566e-01
+7.90000000e+03, +5.23864579e+01, +1.28220126e-01, +5.89419480e-01
+8.00000000e+03, +5.30508730e+01, +1.75403600e-01, +6.07042414e-01
+8.10000000e+03, +5.37161102e+01, +1.92286204e-01, +6.12808413e-01
+8.20000000e+03, +5.43797488e+01, +1.83421118e-01, +6.08156879e-01
+8.30000000e+03, +5.50444911e+01, +1.78195340e-01, +5.73481731e-01
+8.40000000e+03, +5.57099411e+01, +1.67328905e-01, +6.14595920e-01
+8.50000000e+03, +5.63733661e+01, +2.14028706e-01, +6.31287890e-01
+8.60000000e+03, +5.70380020e+01, +1.84836541e-01, +6.69166639e-01
+8.70000000e+03, +5.77001748e+01, +1.37407661e-01, +6.56644538e-01
+8.80000000e+03, +5.83613598e+01, +8.98381318e-02, +6.29971699e-01
+8.90000000e+03, +5.90242078e+01, +1.27153867e-01, +5.99212948e-01
+9.00000000e+03, +5.96876140e+01, +1.42485285e-01, +5.60672937e-01
+9.10000000e+03, +6.03514519e+01, +1.64332357e-01, +6.01842333e-01
+9.20000000e+03, +6.10163131e+01, +1.22140059e-01, +6.28099908e-01
+9.30000000e+03, +6.16771231e+01, +1.60938499e-01, +6.06240312e-01
+9.40000000e+03, +6.23375371e+01, +2.01397619e-01, +6.46717003e-01
+9.50000000e+03, +6.29990511e+01, +1.92718458e-01, +6.82262190e-01
+9.60000000e+03, +6.36595159e+01, +2.02901861e-01, +6.33819360e-01
