Mon Aug 20 14:16:59 2018
[Header]
Column  0 : index               	#
Column  1 : time                	sec
Column  2 : voltage             	V
Column  3 : petit voltage       	mV
[Header end]

+0.00000000e+00, +3.09944153e-06, +0.00000000e+00, +0.00000000e+00
+1.00000000e+02, +6.60465240e-01, +4.56506526e-03, -2.57312601e-02
+2.00000000e+02, +1.32507324e+00, +3.79907434e-02, -6.72422978e-02
+3.00000000e+02, +1.98629308e+00, +2.16742788e-03, -4.05911577e-02
+4.00000000e+02, +2.65178800e+00, +1.76432305e-02, -7.68078770e-02
+5.00000000e+02, +3.31719398e+00, +5.55980158e-02, -1.02830577e-01
+6.00000000e+02, +3.97881222e+00, +6.42827151e-02, -7.99923607e-02
+7.00000000e+02, +4.63931799e+00, +2.25466007e-02, -7.75494649e-02
+8.00000000e+02, +5.30461407e+00, -8.90778796e-03, -7.38089199e-02
+9.00000000e+02, +5.97004604e+00, +1.15803370e-02, -7.52398035e-02
+1.00000000e+03, +6.63618994e+00, +1.30414125e-02, -1.22521458e-01
+1.10000000e+03, +7.29738998e+00, +1.08843181e-02, -1.07620644e-01
+1.20000000e+03, +7.96270704e+00, +5.80706333e-02, -7.96667200e-02
+1.30000000e+03, +8.62313604e+00, +1.04148237e-01, -4.70066801e-02
+1.40000000e+03, +9.28678203e+00, +1.08125835e-01, -5.30852602e-02
+1.50000000e+03, +9.95080400e+00, +1.55700081e-01, -9.25287528e-02
+1.60000000e+03, +1.06130750e+01, +1.16732772e-01, -1.28248542e-01
+1.70000000e+03, +1.12761462e+01, +1.05596007e-01, -9.88125564e-02
+1.80000000e+03, +1.19371600e+01, +1.10759638e-01, -7.11967804e-02
+1.90000000e+03, +1.26001751e+01, +1.04029735e-01, -6.12514182e-02
+2.00000000e+03, +1.32656291e+01, +6.92179087e-02, -9.66146361e-02
+2.10000000e+03, +1.39288321e+01, +4.60216502e-02, -7.00519438e-02
+2.20000000e+03, +1.45951159e+01, +2.10728975e-02, -7.30194656e-02
+2.30000000e+03, +1.52605281e+01, +1.19355170e-02, -3.80034083e-02
+2.40000000e+03, +1.59226601e+01, -1.70501973e-02, -6.98272963e-02
+2.50000000e+03, +1.65853491e+01, -5.35115583e-02, -5.65738500e-02
+2.60000000e+03, +1.72466731e+01, -3.77758866e-02, -5.58493976e-02
+2.70000000e+03, +1.79121699e+01, -1.83010053e-03, -3.23983268e-02
+2.80000000e+03, +1.85732250e+01, +2.86990953e-02, -4.52720309e-02
+2.90000000e+03, +1.92343333e+01, -1.64982990e-02, -3.72643561e-04
+3.00000000e+03, +1.98945761e+01, -1.15104756e-03, +4.74003062e-02
+3.10000000e+03, +2.05571721e+01, +6.74680732e-03, +2.74556418e-02
+3.20000000e+03, +2.12188642e+01, +7.77197227e-03, +7.15209344e-02
+3.30000000e+03, +2.18841991e+01, +1.08511154e-02, +2.95204569e-02
+3.40000000e+03, +2.25490041e+01, +2.70355050e-02, +2.39649388e-02
+3.50000000e+03, +2.32133512e+01, -9.73884895e-04, -2.58265858e-02
+3.60000000e+03, +2.38772881e+01, -1.32651359e-02, -4.37303700e-02
+3.70000000e+03, +2.45427470e+01, -3.93553974e-02, -1.93723021e-03
+3.80000000e+03, +2.52081599e+01, -7.89961073e-02, +3.37240789e-03
+3.90000000e+03, +2.58735631e+01, -3.52405820e-02, -1.31392996e-02
+4.00000000e+03, +2.65340490e+01, -1.24245031e-02, -9.35266289e-03
+4.10000000e+03, +2.71951830e+01, -2.69634673e-02, -1.47911460e-02
+4.20000000e+03, +2.78582110e+01, -6.44022111e-02, -5.55765622e-02
+4.30000000e+03, +2.85185699e+01, -4.02061958e-02, -2.86622056e-02
+4.40000000e+03, +2.91794522e+01, -5.91036016e-02, -6.80375549e-02
+4.50000000e+03, +2.98439989e+01, -1.08862312e-01, -9.58254801e-02
+4.60000000e+03, +3.05088539e+01, -6.34144990e-02, -1.42915590e-01
+4.70000000e+03, +3.11732609e+01, -8.37393240e-02, -1.54191240e-01
+4.80000000e+03, +3.18343589e+01, -8.64321030e-02, -1.96796588e-01
+4.90000000e+03, +3.24950831e+01, -4.84523115e-02, -1.96984999e-01
+5.00000000e+03, +3.31559312e+01, -5.47072337e-02, -1.61509460e-01
+5.10000000e+03, +3.38165309e+01, -4.52929566e-02, -1.53218430e-01
+5.20000000e+03, +3.44769158e+01, -3.32381442e-02, -1.93912343e-01
+5.30000000e+03, +3.51384711e+01, -7.15246370e-02, -2.43886615e-01
+5.40000000e+03, +3.58000529e+01, -5.05566475e-02, -2.69726846e-01
+5.50000000e+03, +3.64632072e+01, -5.92499020e-03, -2.47053603e-01
+5.60000000e+03, +3.71252882e+01, -5.23061044e-02, -2.51449479e-01
+5.70000000e+03, +3.77865369e+01, -1.31231210e-02, -2.64196432e-01
+5.80000000e+03, +3.84518709e+01, -1.96362400e-02, -2.48637124e-01
+5.90000000e+03, +3.91133411e+01, +1.65163091e-02, -2.28059138e-01
+6.00000000e+03, +3.97781019e+01, +4.55900833e-02, -2.51955553e-01
+6.10000000e+03, +4.04413221e+01, +4.92177868e-02, -2.97841559e-01
+6.20000000e+03, +4.11065731e+01, +9.50924414e-02, -2.57294200e-01
+6.30000000e+03, +4.17708359e+01, +1.19806305e-01, -2.83749085e-01
+6.40000000e+03, +4.24331491e+01, +1.04757311e-01, -2.34551705e-01
+6.50000000e+03, +4.30947592e+01, +8.16871695e-02, -2.53172494e-01
+6.60000000e+03, +4.37552650e+01, +6.39877371e-02, -2.96671649e-01
+6.70000000e+03, +4.44166741e+01, +5.47530092e-02, -2.99294843e-01
+6.80000000e+03, +4.50819051e+01, +1.31494963e-02, -2.83987808e-01
+6.90000000e+03, +4.57446260e+01, -9.07790585e-03, -3.03024357e-01
+7.00000000e+03, +4.64052081e+01, +1.36473007e-02, -3.25757398e-01
+7.10000000e+03, +4.70705652e+01, +1.90201907e-02, -3.70566756e-01
+7.20000000e+03, +4.77320321e+01, +2.17263199e-02, -3.55445649e-01
+7.30000000e+03, +4.83961070e+01, -1.64344793e-02, -3.16578659e-01
+7.40000000e+03, +4.90615261e+01, -1.19607915e-02, -3.46829628e-01
+7.50000000e+03, +4.97250271e+01, +3.07676305e-02, -3.04014067e-01
+7.60000000e+03, +5.03865089e+01, +7.49250566e-02, -3.46797714e-01
+7.70000000e+03, +5.10497410e+01, +1.19136919e-01, -3.89321184e-01
+7.80000000e+03, +5.17130401e+01, +1.30885207e-01, -3.94715974e-01
+7.90000000e+03, +5.23772862e+01, +1.02844747e-01, -3.99462737e-01
+8.00000000e+03, +5.30397182e+01, +1.34718147e-01, -4.12247773e-01
+8.10000000e+03, +5.37051079e+01, +1.78909747e-01, -4.51001850e-01
+8.20000000e+03, +5.43676751e+01, +2.01371081e-01, -4.26514405e-01
+8.30000000e+03, +5.50330870e+01, +1.82618830e-01, -4.61495426e-01
+8.40000000e+03, +5.56984870e+01, +1.63862650e-01, -4.49124297e-01
+8.50000000e+03, +5.63616960e+01, +1.42434705e-01, -4.82055060e-01
+8.60000000e+03, +5.70241289e+01, +1.33907349e-01, -4.68735721e-01
+8.70000000e+03, +5.76872611e+01, +1.08745461e-01, -4.76276676e-01
+8.80000000e+03, +5.83492982e+01, +7.08222600e-02, -5.01630675e-01
+8.90000000e+03, +5.90150101e+01, +1.08427731e-01, -5.15389265e-01
+9.00000000e+03, +5.96762569e+01, +1.25468308e-01, -5.01786145e-01
+9.10000000e+03, +6.03369370e+01, +7.98117730e-02, -5.06084412e-01
+9.20000000e+03, +6.09976270e+01, +5.86993477e-02, -4.79337416e-01
+9.30000000e+03, +6.16630661e+01, +5.17108764e-02, -5.02365818e-01
+9.40000000e+03, +6.23284752e+01, +9.64076277e-03, -4.79901800e-01
+9.50000000e+03, +6.29938760e+01, -3.99698898e-02, -4.75658313e-01
+9.60000000e+03, +6.36583679e+01, -3.90121517e-04, -4.81095981e-01
+9.70000000e+03, +6.43236380e+01, -7.62486500e-03, -4.63722973e-01
+9.80000000e+03, +6.49869041e+01, -1.45755685e-02, -4.66986890e-01
+9.90000000e+03, +6.56523650e+01, -4.13290228e-02, -5.15557198e-01
