Mon Aug 20 14:30:30 2018
[Header]
Column  0 : index               	#
Column  1 : time                	sec
Column  2 : voltage             	V
Column  3 : petit voltage       	mV
[Header end]

+0.00000000e+00, +2.86102295e-06, +0.00000000e+00, +0.00000000e+00
+1.00000000e+02, +6.64505959e-01, +2.16303166e-02, +3.99341391e-02
+2.00000000e+02, +1.32931376e+00, +5.77403383e-02, +7.59435600e-02
+3.00000000e+02, +1.99062514e+00, +2.86519801e-02, +3.91367995e-02
+4.00000000e+02, +2.66185093e+00, +7.14553095e-02, +3.43850030e-02
+5.00000000e+02, +3.32466793e+00, +9.79867988e-02, +2.83470619e-02
+6.00000000e+02, +3.98516297e+00, +6.60554785e-02, -1.87051413e-02
+7.00000000e+02, +4.64745712e+00, +4.65157743e-02, -5.27654831e-03
+8.00000000e+02, +5.30786991e+00, +7.18583748e-02, +1.91544444e-02
+9.00000000e+02, +5.97134995e+00, +8.47082840e-02, +5.36971617e-02
+1.00000000e+03, +6.63239980e+00, +1.28025817e-01, +3.95014861e-02
+1.10000000e+03, +7.29678297e+00, +1.07857560e-01, -1.49908781e-03
+1.20000000e+03, +7.96052194e+00, +6.23248416e-02, -2.10200094e-02
+1.30000000e+03, +8.62581682e+00, +8.46899267e-02, -5.27438353e-03
+1.40000000e+03, +9.29113793e+00, +5.53956358e-02, -1.84637022e-03
+1.50000000e+03, +9.95596886e+00, +2.20145440e-02, +3.01678904e-02
+1.60000000e+03, +1.06164289e+01, +1.28502783e-02, -1.11494824e-02
+1.70000000e+03, +1.12766957e+01, +6.27844078e-02, -3.52556140e-02
+1.80000000e+03, +1.19372740e+01, +5.97300842e-02, -6.17482035e-02
+1.90000000e+03, +1.25977099e+01, +1.32794935e-02, -9.51142084e-02
+2.00000000e+03, +1.32584767e+01, +3.52622059e-02, -1.44771379e-01
+2.10000000e+03, +1.39197111e+01, +5.60973389e-03, -1.51885754e-01
+2.20000000e+03, +1.45805280e+01, -2.84557394e-02, -1.19324479e-01
+2.30000000e+03, +1.52439377e+01, +1.89973370e-02, -1.58563636e-01
+2.40000000e+03, +1.59057810e+01, -2.28732103e-03, -1.15703725e-01
+2.50000000e+03, +1.65711520e+01, +3.43149854e-02, -1.39621007e-01
+2.60000000e+03, +1.72347369e+01, +6.59677204e-02, -1.73450518e-01
+2.70000000e+03, +1.78958468e+01, +7.42489513e-02, -2.19393257e-01
+2.80000000e+03, +1.85613961e+01, +8.81476472e-02, -1.88900300e-01
+2.90000000e+03, +1.92258997e+01, +4.93129651e-02, -1.58025566e-01
+3.00000000e+03, +1.98865969e+01, +4.85527713e-02, -1.10865732e-01
+3.10000000e+03, +2.05503900e+01, +9.24701608e-02, -8.21700806e-02
+3.20000000e+03, +2.12118218e+01, +1.23796206e-01, -7.45138261e-02
+3.30000000e+03, +2.18742580e+01, +9.45729205e-02, -6.65347474e-02
+3.40000000e+03, +2.25345728e+01, +8.09233493e-02, -8.12446216e-02
+3.50000000e+03, +2.31994147e+01, +7.19326154e-02, -3.14707955e-02
+3.60000000e+03, +2.38647079e+01, +2.79959816e-02, -2.61201240e-02
+3.70000000e+03, +2.45290031e+01, -3.19891132e-03, -2.13114418e-02
+3.80000000e+03, +2.51901081e+01, +3.90227395e-02, +1.07335704e-02
+3.90000000e+03, +2.58506060e+01, -1.09688715e-02, +3.67200311e-03
+4.00000000e+03, +2.65159729e+01, -1.75677444e-02, +8.88389912e-03
+4.10000000e+03, +2.71800919e+01, -1.41597917e-03, -3.07779606e-03
+4.20000000e+03, +2.78420818e+01, -4.14905604e-02, +1.65409364e-03
+4.30000000e+03, +2.85028279e+01, -6.80830651e-03, -2.92837587e-02
+4.40000000e+03, +2.91641350e+01, +2.76503424e-02, -3.02882997e-02
+4.50000000e+03, +2.98277237e+01, -1.69722791e-03, -4.49709358e-02
+4.60000000e+03, +3.04929750e+01, +4.73605326e-02, +6.47944799e-04
+4.70000000e+03, +3.11582220e+01, +9.66246610e-02, +2.82840602e-02
+4.80000000e+03, +3.18207598e+01, +6.07820181e-02, +2.16687869e-02
+4.90000000e+03, +3.24855728e+01, +4.16372613e-02, +6.94562436e-02
+5.00000000e+03, +3.31492250e+01, +5.71962088e-02, +2.18383107e-02
+5.10000000e+03, +3.38102579e+01, +6.14101870e-02, +5.33055956e-02
+5.20000000e+03, +3.44732850e+01, +6.17158829e-02, +2.94786835e-02
+5.30000000e+03, +3.51366470e+01, +9.11404214e-02, -9.45809409e-04
+5.40000000e+03, +3.57976511e+01, +5.76266818e-02, -5.77888480e-03
+5.50000000e+03, +3.64623377e+01, +1.54752922e-02, +3.09969936e-02
+5.60000000e+03, +3.71276259e+01, +4.77031943e-02, +7.10061257e-03
+5.70000000e+03, +3.77891548e+01, +3.41959801e-02, -3.32234415e-02
+5.80000000e+03, +3.84498320e+01, -1.32256567e-02, +1.13514415e-02
+5.90000000e+03, +3.91133380e+01, -1.01668811e-02, +5.89587677e-02
+6.00000000e+03, +3.97774889e+01, -2.71993356e-02, +4.99845364e-02
+6.10000000e+03, +4.04427819e+01, -4.46813654e-02, +4.50770916e-02
+6.20000000e+03, +4.11081700e+01, -2.32813610e-02, +5.14423530e-03
+6.30000000e+03, +4.17735670e+01, -2.15501358e-02, +1.34374948e-02
+6.40000000e+03, +4.24365640e+01, -4.03992308e-02, +6.01982284e-02
+6.50000000e+03, +4.31017029e+01, -8.14140771e-02, +4.69149296e-02
+6.60000000e+03, +4.37621319e+01, -1.11704173e-01, +4.73111496e-02
+6.70000000e+03, +4.44248888e+01, -1.39123676e-01, +2.72817304e-02
+6.80000000e+03, +4.50902009e+01, -9.82974869e-02, +3.87425448e-03
+6.90000000e+03, +4.57528379e+01, -9.34387666e-02, +4.69377101e-02
+7.00000000e+03, +4.64133079e+01, -1.09081802e-01, +4.62214996e-02
+7.10000000e+03, +4.70762341e+01, -7.67190193e-02, +4.84415904e-02
+7.20000000e+03, +4.77393689e+01, -5.76363304e-02, +3.59464482e-02
+7.30000000e+03, +4.84009030e+01, -1.00689798e-02, +8.24357526e-02
+7.40000000e+03, +4.90614159e+01, -6.87176150e-03, +9.23685172e-02
+7.50000000e+03, +4.97264750e+01, -5.34420486e-02, +8.39259401e-02
+7.60000000e+03, +5.03913198e+01, -6.15878808e-02, +1.32918659e-01
+7.70000000e+03, +5.10555899e+01, -3.43960764e-02, +1.23596660e-01
+7.80000000e+03, +5.17162998e+01, -3.82218344e-02, +8.90513640e-02
+7.90000000e+03, +5.23774328e+01, -6.23433996e-02, +7.86613634e-02
+8.00000000e+03, +5.30376809e+01, -4.26767927e-02, +5.92752883e-02
+8.10000000e+03, +5.36994839e+01, -5.56030220e-02, +2.63821917e-02
+8.20000000e+03, +5.43606689e+01, -3.17852425e-02, +4.54823892e-02
+8.30000000e+03, +5.50260770e+01, -3.94768878e-02, +3.84104197e-02
+8.40000000e+03, +5.56908700e+01, -6.02698992e-02, -5.46834040e-03
+8.50000000e+03, +5.63519938e+01, -1.00899547e-01, +3.94705599e-03
+8.60000000e+03, +5.70124581e+01, -9.81562606e-02, +2.67588952e-02
+8.70000000e+03, +5.76758721e+01, -1.15173358e-01, -4.00397603e-04
+8.80000000e+03, +5.83370671e+01, -1.62628341e-01, +1.23677658e-03
+8.90000000e+03, +5.90011690e+01, -2.10383427e-01, -4.72281880e-02
+9.00000000e+03, +5.96659150e+01, -2.06565369e-01, -2.30982560e-02
+9.10000000e+03, +6.03313689e+01, -1.95074318e-01, -1.81033806e-02
+9.20000000e+03, +6.09918401e+01, -1.95086538e-01, +2.36716544e-02
+9.30000000e+03, +6.16571529e+01, -1.51519671e-01, +1.87009487e-02
+9.40000000e+03, +6.23225529e+01, -1.27128947e-01, -1.08448314e-02
+9.50000000e+03, +6.29842861e+01, -1.58145241e-01, -1.92869144e-02
+9.60000000e+03, +6.36495690e+01, -1.82457841e-01, -5.32661094e-02
+9.70000000e+03, +6.43148429e+01, -1.63440284e-01, -9.40151975e-03
+9.80000000e+03, +6.49773321e+01, -2.06970434e-01, +1.89506304e-02
+9.90000000e+03, +6.56395621e+01, -1.97504035e-01, +6.75673705e-02
